\ SCIP STATISTICS
\   Problem name     : vaccinebp
\   Variables        : 22 (8 binary, 0 integer, 0 implicit integer, 14 continuous)
\   Constraints      : 63
\   Obj. scale       : 1
\   Obj. offset      : 0
Minimize
 Obj: +1.76197314026085 ww_2 +2.23802685973915 ww_3 +1.76197314026085 ww_4 +2.23802685973915 ww_5 +1.76197314026085 ww_6
      +2.23802685973915 ww_7 +1.76197314026085 ww_8 +2.23802685973915 ww_9 +1.76197314026085 ww_10 +2.23802685973915 ww_11
      +1.76197314026085 ww_12 +2.23802685973915 ww_13 +1.76197314026085 ww_14 +2.23802685973915 ww_15
Subject to
 sh2_0_0: +4 Z0 +4 ww_2 >= +3
 sh2_0_1: +4 Z1 +4 ww_2 >= +3
 sh2_0_2: +4 Z2 +4 ww_2 >= +3
 sh2_0_3: +4 Z3 +4 ww_2 >= +3
 sh2_1_0: +5 Z4 +5 ww_3 >= +4
 sh2_1_1: +5 Z5 +5 ww_3 >= +4
 sh2_1_2: +5 Z6 +5 ww_3 >= +4
 sh2_1_3: +5 Z7 +5 ww_3 >= +4
 sh3_0_0: +4 Z0 +4 ww_4 >= +3
 sh3_0_1: +4 Z1 +4 ww_4 >= +3
 sh3_1_0: +5 Z2 +5 ww_5 >= +4
 sh3_1_1: +5 Z3 +5 ww_5 >= +4
 sh3_2_0: +4 Z4 +4 ww_6 >= +3
 sh3_2_1: +4 Z5 +4 ww_6 >= +3
 sh3_3_0: +5 Z6 +5 ww_7 >= +4
 sh3_3_1: +5 Z7 +5 ww_7 >= +4
 sh4_0_0: +4 Z0 >= +3
 sh4_1_0: +5 Z1 +5 ww_9 >= +4
 sh4_2_0: +4 Z2 +4 ww_10 >= +3
 sh4_3_0: +5 Z3 +5 ww_11 >= +4
 sh4_4_0: +4 Z4 +4 ww_12 >= +3
 sh4_5_0: +5 Z5 +5 ww_13 >= +4
 sh4_6_0: +4 Z6 +4 ww_14 >= +3
 sh4_7_0: +5 Z7 +5 ww_15 >= +4
 z0: +1 Z0 >= +0
 z0: +1 Z0 >= +0
 z0: +1 Z0 -1 ww_8 >= +0
 z1: +1 Z1 >= +0
 z1: +1 Z1 >= +0
 z1: +1 Z1 >= +0
 z2: +1 Z2 >= +0
 z2: +1 Z2 >= +0
 z2: +1 Z2 >= +0
 z3: +1 Z3 >= +0
 z3: +1 Z3 >= +0
 z3: +1 Z3 >= +0
 z4: +1 Z4 >= +0
 z4: +1 Z4 >= +0
 z4: +1 Z4 >= +0
 z5: +1 Z5 >= +0
 z5: +1 Z5 >= +0
 z5: +1 Z5 >= +0
 z6: +1 Z6 >= +0
 z6: +1 Z6 >= +0
 z6: +1 Z6 >= +0
 z7: +1 Z7 >= +0
 z7: +1 Z7 >= +0
 z7: +1 Z7 >= +0
 AlphaCon: +0.0854708212817118 Z0 +0.108563512905831 Z1 +0.108563512905831 Z2 +0.137895437971839 Z3 +0.108563512905831 Z4
  +0.137895437971839 Z5 +0.137895437971839 Z6 +0.175152326085278 Z7 <= +0.25
 w2_0: +1 ww_2 = +1
 w2_1: +1 ww_3 = +1
 w3_0: +1 ww_4 = +1
 w3_1: +1 ww_5 = +1
 w3_2: +1 ww_6 = +1
 w3_3: +1 ww_7 = +1
 w4_0: +1 ww_8 = +1
 w4_1: +1 ww_9 = +1
 w4_2: +1 ww_10 = +1
 w4_3: +1 ww_11 = +1
 w4_4: +1 ww_12 = +1
 w4_5: +1 ww_13 = +1
 w4_6: +1 ww_14 = +1
 w4_7: +1 ww_15 = +1
Bounds
 0 <= Z0 <= 1
 0 <= Z1 <= 1
 0 <= Z2 <= 1
 0 <= Z3 <= 1
 0 <= Z4 <= 1
 0 <= Z5 <= 1
 0 <= Z6 <= 1
 0 <= Z7 <= 1
Binaries
 Z0 Z1 Z2 Z3 Z4 Z5 Z6 Z7
End
